function [f]= pressure( x )

x1=x(1);
x2=x(2);
x3=x(3);
x4=x(4);
 g=zeros(4,1);
 h=zeros(4,1);
g(1)=-x1+0.0193*x3;
g(2)=-x2+0.00954*x3;
g(3)=-pi*x3^2*x4-(4/3)*pi*x3^3+1296000;
g(4)=x4-240;
lamda=10^250;
h=g>0;
f= 0.6224*x1*x3*x4 + 1.7781*x2*x3^2+3.1661*x1^2*x4 + 19.84*x1^2*x3+lamda*sum((g.^2).*h);
f1=0.6224*x1*x3*x4 + 1.7781*x2*x3^2+3.1661*x1^2*x4 + 1984*x1^2*x3;
end




